1732981055,Q,1
1732981055,R,1
1732981060,Q,2
1732981060,R,2
1732981065,Q,3
1732981065,R,3
1732981070,Q,4
1732981070,R,4
1732981075,Q,5
1732981075,R,5
1732981080,Q,6
1732981080,R,6
1732981085,Q,7
1732981085,R,7
1732981090,Q,8
1732981090,R,8
1732981095,Q,9
1732981095,R,9
1732981100,Q,10
1732981105,Q,11
#### BACKFILL ####
Building time resrouce map:
	TRM Initial:
		1732981105, [1, 4]
		1732981155, [1, 4, 18, 3, 10, 22]
		1732981235, [1, 4, 18, 3, 10, 22, 6, 26]
		1732981245, [1, 4, 18, 3, 10, 22, 6, 26, 13, 12]
		1732981260, [1, 4, 18, 3, 10, 22, 6, 26, 13, 12, 8, 5]
		1732981480, [1, 4, 18, 3, 10, 22, 6, 26, 13, 12, 8, 5, 14, 24, 25, 15, 31, 23, 28, 21]
		1732981685, [1, 4, 18, 3, 10, 22, 6, 26, 13, 12, 8, 5, 14, 24, 25, 15, 31, 23, 28, 21, 27, 9, 7, 29, 30, 16, 19, 20]
		1732981690, [1, 4, 18, 3, 10, 22, 6, 26, 13, 12, 8, 5, 14, 24, 25, 15, 31, 23, 28, 21, 27, 9, 7, 29, 30, 16, 19, 20, 2, 11]
		1732981970, [1, 4, 18, 3, 10, 22, 6, 26, 13, 12, 8, 5, 14, 24, 25, 15, 31, 23, 28, 21, 27, 9, 7, 29, 30, 16, 19, 20, 2, 11, 0]
		1732981975, [1, 4, 18, 3, 10, 22, 6, 26, 13, 12, 8, 5, 14, 24, 25, 15, 31, 23, 28, 21, 27, 9, 7, 29, 30, 16, 19, 20, 2, 11, 0, 17]
	Reserve top job, 10:
		Reservation time: 1732981155
		Reserved resources: [18, 3, 10, 22]
	TRM After top job:
		1732981105, [1, 4]
		1732981155, [1, 4]
		1732981235, [1, 4, 6, 26]
		1732981245, [1, 4, 6, 26, 13, 12]
		1732981260, [1, 4, 6, 26, 13, 12, 8, 5]
		1732981480, [1, 4, 6, 26, 13, 12, 8, 5, 14, 24, 25, 15, 31, 23, 28, 21]
		1732981685, [1, 4, 6, 26, 13, 12, 8, 5, 14, 24, 25, 15, 31, 23, 28, 21, 27, 9, 7, 29, 30, 16, 19, 20]
		1732981690, [1, 4, 6, 26, 13, 12, 8, 5, 14, 24, 25, 15, 31, 23, 28, 21, 27, 9, 7, 29, 30, 16, 19, 20, 2, 11]
		1732981970, [1, 4, 18, 3, 10, 22, 6, 26, 13, 12, 8, 5, 14, 24, 25, 15, 31, 23, 28, 21, 27, 9, 7, 29, 30, 16, 19, 20, 2, 11, 0]
		1732981975, [1, 4, 18, 3, 10, 22, 6, 26, 13, 12, 8, 5, 14, 24, 25, 15, 31, 23, 28, 21, 27, 9, 7, 29, 30, 16, 19, 20, 2, 11, 0, 17]
	Eligible:
		[]
	Resources available now: [Node(id=1, name='node1', cpus=1, state=<NodeState.AVAILABLE: 3>, job_id=-1), Node(id=4, name='node4', cpus=1, state=<NodeState.AVAILABLE: 3>, job_id=-1)]
#############
1732981110,Q,12
#### BACKFILL ####
Building time resrouce map:
	TRM Initial:
		1732981110, [1, 4]
		1732981155, [1, 4, 18, 3, 10, 22]
		1732981235, [1, 4, 18, 3, 10, 22, 6, 26]
		1732981245, [1, 4, 18, 3, 10, 22, 6, 26, 13, 12]
		1732981260, [1, 4, 18, 3, 10, 22, 6, 26, 13, 12, 8, 5]
		1732981480, [1, 4, 18, 3, 10, 22, 6, 26, 13, 12, 8, 5, 14, 24, 25, 15, 31, 23, 28, 21]
		1732981685, [1, 4, 18, 3, 10, 22, 6, 26, 13, 12, 8, 5, 14, 24, 25, 15, 31, 23, 28, 21, 27, 9, 7, 29, 30, 16, 19, 20]
		1732981690, [1, 4, 18, 3, 10, 22, 6, 26, 13, 12, 8, 5, 14, 24, 25, 15, 31, 23, 28, 21, 27, 9, 7, 29, 30, 16, 19, 20, 2, 11]
		1732981970, [1, 4, 18, 3, 10, 22, 6, 26, 13, 12, 8, 5, 14, 24, 25, 15, 31, 23, 28, 21, 27, 9, 7, 29, 30, 16, 19, 20, 2, 11, 0]
		1732981975, [1, 4, 18, 3, 10, 22, 6, 26, 13, 12, 8, 5, 14, 24, 25, 15, 31, 23, 28, 21, 27, 9, 7, 29, 30, 16, 19, 20, 2, 11, 0, 17]
	Reserve top job, 10:
		Reservation time: 1732981155
		Reserved resources: [18, 3, 10, 22]
	TRM After top job:
		1732981110, [1, 4]
		1732981155, [1, 4]
		1732981235, [1, 4, 6, 26]
		1732981245, [1, 4, 6, 26, 13, 12]
		1732981260, [1, 4, 6, 26, 13, 12, 8, 5]
		1732981480, [1, 4, 6, 26, 13, 12, 8, 5, 14, 24, 25, 15, 31, 23, 28, 21]
		1732981685, [1, 4, 6, 26, 13, 12, 8, 5, 14, 24, 25, 15, 31, 23, 28, 21, 27, 9, 7, 29, 30, 16, 19, 20]
		1732981690, [1, 4, 6, 26, 13, 12, 8, 5, 14, 24, 25, 15, 31, 23, 28, 21, 27, 9, 7, 29, 30, 16, 19, 20, 2, 11]
		1732981970, [1, 4, 18, 3, 10, 22, 6, 26, 13, 12, 8, 5, 14, 24, 25, 15, 31, 23, 28, 21, 27, 9, 7, 29, 30, 16, 19, 20, 2, 11, 0]
		1732981975, [1, 4, 18, 3, 10, 22, 6, 26, 13, 12, 8, 5, 14, 24, 25, 15, 31, 23, 28, 21, 27, 9, 7, 29, 30, 16, 19, 20, 2, 11, 0, 17]
	Reserve now, 12 with resources 2:
		Using TRM:
			1732981110: [1, 4]
			1732981155: [1, 4]
			1732981235: [1, 4, 6, 26]
			1732981245: [1, 4, 6, 26, 13, 12]
			1732981260: [1, 4, 6, 26, 13, 12, 8, 5]
			1732981480: [1, 4, 6, 26, 13, 12, 8, 5, 14, 24, 25, 15, 31, 23, 28, 21]
			1732981685: [1, 4, 6, 26, 13, 12, 8, 5, 14, 24, 25, 15, 31, 23, 28, 21, 27, 9, 7, 29, 30, 16, 19, 20]
			1732981690: [1, 4, 6, 26, 13, 12, 8, 5, 14, 24, 25, 15, 31, 23, 28, 21, 27, 9, 7, 29, 30, 16, 19, 20, 2, 11]
			1732981970: [1, 4, 18, 3, 10, 22, 6, 26, 13, 12, 8, 5, 14, 24, 25, 15, 31, 23, 28, 21, 27, 9, 7, 29, 30, 16, 19, 20, 2, 11, 0]
			1732981975: [1, 4, 18, 3, 10, 22, 6, 26, 13, 12, 8, 5, 14, 24, 25, 15, 31, 23, 28, 21, 27, 9, 7, 29, 30, 16, 19, 20, 2, 11, 0, 17]
	Eligible:
		[12]
	Resources available now: [Node(id=1, name='node1', cpus=1, state=<NodeState.AVAILABLE: 3>, job_id=-1), Node(id=4, name='node4', cpus=1, state=<NodeState.AVAILABLE: 3>, job_id=-1)]
1732981110,R,12
#############
1732981115,Q,13
#### BACKFILL ####
Building time resrouce map:
	TRM Initial:
		1732981115, []
		1732981155, [18, 3, 10, 22]
		1732981235, [18, 3, 10, 22, 6, 26]
		1732981245, [18, 3, 10, 22, 6, 26, 13, 12]
		1732981260, [18, 3, 10, 22, 6, 26, 13, 12, 8, 5]
		1732981480, [18, 3, 10, 22, 6, 26, 13, 12, 8, 5, 14, 24, 25, 15, 31, 23, 28, 21]
		1732981530, [18, 3, 10, 22, 6, 26, 13, 12, 8, 5, 14, 24, 25, 15, 31, 23, 28, 21, 4, 1]
		1732981685, [18, 3, 10, 22, 6, 26, 13, 12, 8, 5, 14, 24, 25, 15, 31, 23, 28, 21, 4, 1, 27, 9, 7, 29, 30, 16, 19, 20]
		1732981690, [18, 3, 10, 22, 6, 26, 13, 12, 8, 5, 14, 24, 25, 15, 31, 23, 28, 21, 4, 1, 27, 9, 7, 29, 30, 16, 19, 20, 2, 11]
		1732981970, [18, 3, 10, 22, 6, 26, 13, 12, 8, 5, 14, 24, 25, 15, 31, 23, 28, 21, 4, 1, 27, 9, 7, 29, 30, 16, 19, 20, 2, 11, 0]
		1732981975, [18, 3, 10, 22, 6, 26, 13, 12, 8, 5, 14, 24, 25, 15, 31, 23, 28, 21, 4, 1, 27, 9, 7, 29, 30, 16, 19, 20, 2, 11, 0, 17]
	Reserve top job, 10:
		Reservation time: 1732981235
		Reserved resources: [10, 22, 6, 26]
	TRM After top job:
		1732981115, []
		1732981155, [18, 3, 10, 22]
		1732981235, [18, 3]
		1732981245, [18, 3, 13, 12]
		1732981260, [18, 3, 13, 12, 8, 5]
		1732981480, [18, 3, 13, 12, 8, 5, 14, 24, 25, 15, 31, 23, 28, 21]
		1732981530, [18, 3, 13, 12, 8, 5, 14, 24, 25, 15, 31, 23, 28, 21, 4, 1]
		1732981685, [18, 3, 13, 12, 8, 5, 14, 24, 25, 15, 31, 23, 28, 21, 4, 1, 27, 9, 7, 29, 30, 16, 19, 20]
		1732981690, [18, 3, 13, 12, 8, 5, 14, 24, 25, 15, 31, 23, 28, 21, 4, 1, 27, 9, 7, 29, 30, 16, 19, 20, 2, 11]
		1732981970, [18, 3, 10, 22, 6, 26, 13, 12, 8, 5, 14, 24, 25, 15, 31, 23, 28, 21, 4, 1, 27, 9, 7, 29, 30, 16, 19, 20, 2, 11, 0]
		1732981975, [18, 3, 10, 22, 6, 26, 13, 12, 8, 5, 14, 24, 25, 15, 31, 23, 28, 21, 4, 1, 27, 9, 7, 29, 30, 16, 19, 20, 2, 11, 0, 17]
	Eligible:
		[]
	Resources available now: []
#############
1732981120,Q,14
#### BACKFILL ####
Building time resrouce map:
	TRM Initial:
		1732981120, []
		1732981155, [18, 3, 10, 22]
		1732981235, [18, 3, 10, 22, 6, 26]
		1732981245, [18, 3, 10, 22, 6, 26, 13, 12]
		1732981260, [18, 3, 10, 22, 6, 26, 13, 12, 8, 5]
		1732981480, [18, 3, 10, 22, 6, 26, 13, 12, 8, 5, 14, 24, 25, 15, 31, 23, 28, 21]
		1732981530, [18, 3, 10, 22, 6, 26, 13, 12, 8, 5, 14, 24, 25, 15, 31, 23, 28, 21, 4, 1]
		1732981685, [18, 3, 10, 22, 6, 26, 13, 12, 8, 5, 14, 24, 25, 15, 31, 23, 28, 21, 4, 1, 27, 9, 7, 29, 30, 16, 19, 20]
		1732981690, [18, 3, 10, 22, 6, 26, 13, 12, 8, 5, 14, 24, 25, 15, 31, 23, 28, 21, 4, 1, 27, 9, 7, 29, 30, 16, 19, 20, 2, 11]
		1732981970, [18, 3, 10, 22, 6, 26, 13, 12, 8, 5, 14, 24, 25, 15, 31, 23, 28, 21, 4, 1, 27, 9, 7, 29, 30, 16, 19, 20, 2, 11, 0]
		1732981975, [18, 3, 10, 22, 6, 26, 13, 12, 8, 5, 14, 24, 25, 15, 31, 23, 28, 21, 4, 1, 27, 9, 7, 29, 30, 16, 19, 20, 2, 11, 0, 17]
	Reserve top job, 10:
		Reservation time: 1732981235
		Reserved resources: [10, 22, 6, 26]
	TRM After top job:
		1732981120, []
		1732981155, [18, 3, 10, 22]
		1732981235, [18, 3]
		1732981245, [18, 3, 13, 12]
		1732981260, [18, 3, 13, 12, 8, 5]
		1732981480, [18, 3, 13, 12, 8, 5, 14, 24, 25, 15, 31, 23, 28, 21]
		1732981530, [18, 3, 13, 12, 8, 5, 14, 24, 25, 15, 31, 23, 28, 21, 4, 1]
		1732981685, [18, 3, 13, 12, 8, 5, 14, 24, 25, 15, 31, 23, 28, 21, 4, 1, 27, 9, 7, 29, 30, 16, 19, 20]
		1732981690, [18, 3, 13, 12, 8, 5, 14, 24, 25, 15, 31, 23, 28, 21, 4, 1, 27, 9, 7, 29, 30, 16, 19, 20, 2, 11]
		1732981970, [18, 3, 10, 22, 6, 26, 13, 12, 8, 5, 14, 24, 25, 15, 31, 23, 28, 21, 4, 1, 27, 9, 7, 29, 30, 16, 19, 20, 2, 11, 0]
		1732981975, [18, 3, 10, 22, 6, 26, 13, 12, 8, 5, 14, 24, 25, 15, 31, 23, 28, 21, 4, 1, 27, 9, 7, 29, 30, 16, 19, 20, 2, 11, 0, 17]
	Eligible:
		[]
	Resources available now: []
#############
1732981125,Q,15
#### BACKFILL ####
Building time resrouce map:
	TRM Initial:
		1732981125, []
		1732981155, [18, 3, 10, 22]
		1732981235, [18, 3, 10, 22, 6, 26]
		1732981245, [18, 3, 10, 22, 6, 26, 13, 12]
		1732981260, [18, 3, 10, 22, 6, 26, 13, 12, 8, 5]
		1732981480, [18, 3, 10, 22, 6, 26, 13, 12, 8, 5, 14, 24, 25, 15, 31, 23, 28, 21]
		1732981530, [18, 3, 10, 22, 6, 26, 13, 12, 8, 5, 14, 24, 25, 15, 31, 23, 28, 21, 4, 1]
		1732981685, [18, 3, 10, 22, 6, 26, 13, 12, 8, 5, 14, 24, 25, 15, 31, 23, 28, 21, 4, 1, 27, 9, 7, 29, 30, 16, 19, 20]
		1732981690, [18, 3, 10, 22, 6, 26, 13, 12, 8, 5, 14, 24, 25, 15, 31, 23, 28, 21, 4, 1, 27, 9, 7, 29, 30, 16, 19, 20, 2, 11]
		1732981970, [18, 3, 10, 22, 6, 26, 13, 12, 8, 5, 14, 24, 25, 15, 31, 23, 28, 21, 4, 1, 27, 9, 7, 29, 30, 16, 19, 20, 2, 11, 0]
		1732981975, [18, 3, 10, 22, 6, 26, 13, 12, 8, 5, 14, 24, 25, 15, 31, 23, 28, 21, 4, 1, 27, 9, 7, 29, 30, 16, 19, 20, 2, 11, 0, 17]
	Reserve top job, 10:
		Reservation time: 1732981235
		Reserved resources: [10, 22, 6, 26]
	TRM After top job:
		1732981125, []
		1732981155, [18, 3, 10, 22]
		1732981235, [18, 3]
		1732981245, [18, 3, 13, 12]
		1732981260, [18, 3, 13, 12, 8, 5]
		1732981480, [18, 3, 13, 12, 8, 5, 14, 24, 25, 15, 31, 23, 28, 21]
		1732981530, [18, 3, 13, 12, 8, 5, 14, 24, 25, 15, 31, 23, 28, 21, 4, 1]
		1732981685, [18, 3, 13, 12, 8, 5, 14, 24, 25, 15, 31, 23, 28, 21, 4, 1, 27, 9, 7, 29, 30, 16, 19, 20]
		1732981690, [18, 3, 13, 12, 8, 5, 14, 24, 25, 15, 31, 23, 28, 21, 4, 1, 27, 9, 7, 29, 30, 16, 19, 20, 2, 11]
		1732981970, [18, 3, 10, 22, 6, 26, 13, 12, 8, 5, 14, 24, 25, 15, 31, 23, 28, 21, 4, 1, 27, 9, 7, 29, 30, 16, 19, 20, 2, 11, 0]
		1732981975, [18, 3, 10, 22, 6, 26, 13, 12, 8, 5, 14, 24, 25, 15, 31, 23, 28, 21, 4, 1, 27, 9, 7, 29, 30, 16, 19, 20, 2, 11, 0, 17]
	Eligible:
		[]
	Resources available now: []
#############
1732981130,Q,16
#### BACKFILL ####
Building time resrouce map:
	TRM Initial:
		1732981130, []
		1732981155, [18, 3, 10, 22]
		1732981235, [18, 3, 10, 22, 6, 26]
		1732981245, [18, 3, 10, 22, 6, 26, 13, 12]
		1732981260, [18, 3, 10, 22, 6, 26, 13, 12, 8, 5]
		1732981480, [18, 3, 10, 22, 6, 26, 13, 12, 8, 5, 14, 24, 25, 15, 31, 23, 28, 21]
		1732981530, [18, 3, 10, 22, 6, 26, 13, 12, 8, 5, 14, 24, 25, 15, 31, 23, 28, 21, 4, 1]
		1732981685, [18, 3, 10, 22, 6, 26, 13, 12, 8, 5, 14, 24, 25, 15, 31, 23, 28, 21, 4, 1, 27, 9, 7, 29, 30, 16, 19, 20]
		1732981690, [18, 3, 10, 22, 6, 26, 13, 12, 8, 5, 14, 24, 25, 15, 31, 23, 28, 21, 4, 1, 27, 9, 7, 29, 30, 16, 19, 20, 2, 11]
		1732981970, [18, 3, 10, 22, 6, 26, 13, 12, 8, 5, 14, 24, 25, 15, 31, 23, 28, 21, 4, 1, 27, 9, 7, 29, 30, 16, 19, 20, 2, 11, 0]
		1732981975, [18, 3, 10, 22, 6, 26, 13, 12, 8, 5, 14, 24, 25, 15, 31, 23, 28, 21, 4, 1, 27, 9, 7, 29, 30, 16, 19, 20, 2, 11, 0, 17]
	Reserve top job, 10:
		Reservation time: 1732981235
		Reserved resources: [10, 22, 6, 26]
	TRM After top job:
		1732981130, []
		1732981155, [18, 3, 10, 22]
		1732981235, [18, 3]
		1732981245, [18, 3, 13, 12]
		1732981260, [18, 3, 13, 12, 8, 5]
		1732981480, [18, 3, 13, 12, 8, 5, 14, 24, 25, 15, 31, 23, 28, 21]
		1732981530, [18, 3, 13, 12, 8, 5, 14, 24, 25, 15, 31, 23, 28, 21, 4, 1]
		1732981685, [18, 3, 13, 12, 8, 5, 14, 24, 25, 15, 31, 23, 28, 21, 4, 1, 27, 9, 7, 29, 30, 16, 19, 20]
		1732981690, [18, 3, 13, 12, 8, 5, 14, 24, 25, 15, 31, 23, 28, 21, 4, 1, 27, 9, 7, 29, 30, 16, 19, 20, 2, 11]
		1732981970, [18, 3, 10, 22, 6, 26, 13, 12, 8, 5, 14, 24, 25, 15, 31, 23, 28, 21, 4, 1, 27, 9, 7, 29, 30, 16, 19, 20, 2, 11, 0]
		1732981975, [18, 3, 10, 22, 6, 26, 13, 12, 8, 5, 14, 24, 25, 15, 31, 23, 28, 21, 4, 1, 27, 9, 7, 29, 30, 16, 19, 20, 2, 11, 0, 17]
	Eligible:
		[]
	Resources available now: []
#############
1732981135,Q,17
#### BACKFILL ####
Building time resrouce map:
	TRM Initial:
		1732981135, []
		1732981155, [18, 3, 10, 22]
		1732981235, [18, 3, 10, 22, 6, 26]
		1732981245, [18, 3, 10, 22, 6, 26, 13, 12]
		1732981260, [18, 3, 10, 22, 6, 26, 13, 12, 8, 5]
		1732981480, [18, 3, 10, 22, 6, 26, 13, 12, 8, 5, 14, 24, 25, 15, 31, 23, 28, 21]
		1732981530, [18, 3, 10, 22, 6, 26, 13, 12, 8, 5, 14, 24, 25, 15, 31, 23, 28, 21, 4, 1]
		1732981685, [18, 3, 10, 22, 6, 26, 13, 12, 8, 5, 14, 24, 25, 15, 31, 23, 28, 21, 4, 1, 27, 9, 7, 29, 30, 16, 19, 20]
		1732981690, [18, 3, 10, 22, 6, 26, 13, 12, 8, 5, 14, 24, 25, 15, 31, 23, 28, 21, 4, 1, 27, 9, 7, 29, 30, 16, 19, 20, 2, 11]
		1732981970, [18, 3, 10, 22, 6, 26, 13, 12, 8, 5, 14, 24, 25, 15, 31, 23, 28, 21, 4, 1, 27, 9, 7, 29, 30, 16, 19, 20, 2, 11, 0]
		1732981975, [18, 3, 10, 22, 6, 26, 13, 12, 8, 5, 14, 24, 25, 15, 31, 23, 28, 21, 4, 1, 27, 9, 7, 29, 30, 16, 19, 20, 2, 11, 0, 17]
	Reserve top job, 10:
		Reservation time: 1732981235
		Reserved resources: [10, 22, 6, 26]
	TRM After top job:
		1732981135, []
		1732981155, [18, 3, 10, 22]
		1732981235, [18, 3]
		1732981245, [18, 3, 13, 12]
		1732981260, [18, 3, 13, 12, 8, 5]
		1732981480, [18, 3, 13, 12, 8, 5, 14, 24, 25, 15, 31, 23, 28, 21]
		1732981530, [18, 3, 13, 12, 8, 5, 14, 24, 25, 15, 31, 23, 28, 21, 4, 1]
		1732981685, [18, 3, 13, 12, 8, 5, 14, 24, 25, 15, 31, 23, 28, 21, 4, 1, 27, 9, 7, 29, 30, 16, 19, 20]
		1732981690, [18, 3, 13, 12, 8, 5, 14, 24, 25, 15, 31, 23, 28, 21, 4, 1, 27, 9, 7, 29, 30, 16, 19, 20, 2, 11]
		1732981970, [18, 3, 10, 22, 6, 26, 13, 12, 8, 5, 14, 24, 25, 15, 31, 23, 28, 21, 4, 1, 27, 9, 7, 29, 30, 16, 19, 20, 2, 11, 0]
		1732981975, [18, 3, 10, 22, 6, 26, 13, 12, 8, 5, 14, 24, 25, 15, 31, 23, 28, 21, 4, 1, 27, 9, 7, 29, 30, 16, 19, 20, 2, 11, 0, 17]
	Eligible:
		[]
	Resources available now: []
#############
1732981140,Q,18
#### BACKFILL ####
Building time resrouce map:
	TRM Initial:
		1732981140, []
		1732981155, [18, 3, 10, 22]
		1732981235, [18, 3, 10, 22, 6, 26]
		1732981245, [18, 3, 10, 22, 6, 26, 13, 12]
		1732981260, [18, 3, 10, 22, 6, 26, 13, 12, 8, 5]
		1732981480, [18, 3, 10, 22, 6, 26, 13, 12, 8, 5, 14, 24, 25, 15, 31, 23, 28, 21]
		1732981530, [18, 3, 10, 22, 6, 26, 13, 12, 8, 5, 14, 24, 25, 15, 31, 23, 28, 21, 4, 1]
		1732981685, [18, 3, 10, 22, 6, 26, 13, 12, 8, 5, 14, 24, 25, 15, 31, 23, 28, 21, 4, 1, 27, 9, 7, 29, 30, 16, 19, 20]
		1732981690, [18, 3, 10, 22, 6, 26, 13, 12, 8, 5, 14, 24, 25, 15, 31, 23, 28, 21, 4, 1, 27, 9, 7, 29, 30, 16, 19, 20, 2, 11]
		1732981970, [18, 3, 10, 22, 6, 26, 13, 12, 8, 5, 14, 24, 25, 15, 31, 23, 28, 21, 4, 1, 27, 9, 7, 29, 30, 16, 19, 20, 2, 11, 0]
		1732981975, [18, 3, 10, 22, 6, 26, 13, 12, 8, 5, 14, 24, 25, 15, 31, 23, 28, 21, 4, 1, 27, 9, 7, 29, 30, 16, 19, 20, 2, 11, 0, 17]
	Reserve top job, 10:
		Reservation time: 1732981235
		Reserved resources: [10, 22, 6, 26]
	TRM After top job:
		1732981140, []
		1732981155, [18, 3, 10, 22]
		1732981235, [18, 3]
		1732981245, [18, 3, 13, 12]
		1732981260, [18, 3, 13, 12, 8, 5]
		1732981480, [18, 3, 13, 12, 8, 5, 14, 24, 25, 15, 31, 23, 28, 21]
		1732981530, [18, 3, 13, 12, 8, 5, 14, 24, 25, 15, 31, 23, 28, 21, 4, 1]
		1732981685, [18, 3, 13, 12, 8, 5, 14, 24, 25, 15, 31, 23, 28, 21, 4, 1, 27, 9, 7, 29, 30, 16, 19, 20]
		1732981690, [18, 3, 13, 12, 8, 5, 14, 24, 25, 15, 31, 23, 28, 21, 4, 1, 27, 9, 7, 29, 30, 16, 19, 20, 2, 11]
		1732981970, [18, 3, 10, 22, 6, 26, 13, 12, 8, 5, 14, 24, 25, 15, 31, 23, 28, 21, 4, 1, 27, 9, 7, 29, 30, 16, 19, 20, 2, 11, 0]
		1732981975, [18, 3, 10, 22, 6, 26, 13, 12, 8, 5, 14, 24, 25, 15, 31, 23, 28, 21, 4, 1, 27, 9, 7, 29, 30, 16, 19, 20, 2, 11, 0, 17]
	Eligible:
		[]
	Resources available now: []
#############
1732981145,Q,19
#### BACKFILL ####
Building time resrouce map:
	TRM Initial:
		1732981145, []
		1732981155, [18, 3, 10, 22]
		1732981235, [18, 3, 10, 22, 6, 26]
		1732981245, [18, 3, 10, 22, 6, 26, 13, 12]
		1732981260, [18, 3, 10, 22, 6, 26, 13, 12, 8, 5]
		1732981480, [18, 3, 10, 22, 6, 26, 13, 12, 8, 5, 14, 24, 25, 15, 31, 23, 28, 21]
		1732981530, [18, 3, 10, 22, 6, 26, 13, 12, 8, 5, 14, 24, 25, 15, 31, 23, 28, 21, 4, 1]
		1732981685, [18, 3, 10, 22, 6, 26, 13, 12, 8, 5, 14, 24, 25, 15, 31, 23, 28, 21, 4, 1, 27, 9, 7, 29, 30, 16, 19, 20]
		1732981690, [18, 3, 10, 22, 6, 26, 13, 12, 8, 5, 14, 24, 25, 15, 31, 23, 28, 21, 4, 1, 27, 9, 7, 29, 30, 16, 19, 20, 2, 11]
		1732981970, [18, 3, 10, 22, 6, 26, 13, 12, 8, 5, 14, 24, 25, 15, 31, 23, 28, 21, 4, 1, 27, 9, 7, 29, 30, 16, 19, 20, 2, 11, 0]
		1732981975, [18, 3, 10, 22, 6, 26, 13, 12, 8, 5, 14, 24, 25, 15, 31, 23, 28, 21, 4, 1, 27, 9, 7, 29, 30, 16, 19, 20, 2, 11, 0, 17]
	Reserve top job, 10:
		Reservation time: 1732981235
		Reserved resources: [10, 22, 6, 26]
	TRM After top job:
		1732981145, []
		1732981155, [18, 3, 10, 22]
		1732981235, [18, 3]
		1732981245, [18, 3, 13, 12]
		1732981260, [18, 3, 13, 12, 8, 5]
		1732981480, [18, 3, 13, 12, 8, 5, 14, 24, 25, 15, 31, 23, 28, 21]
		1732981530, [18, 3, 13, 12, 8, 5, 14, 24, 25, 15, 31, 23, 28, 21, 4, 1]
		1732981685, [18, 3, 13, 12, 8, 5, 14, 24, 25, 15, 31, 23, 28, 21, 4, 1, 27, 9, 7, 29, 30, 16, 19, 20]
		1732981690, [18, 3, 13, 12, 8, 5, 14, 24, 25, 15, 31, 23, 28, 21, 4, 1, 27, 9, 7, 29, 30, 16, 19, 20, 2, 11]
		1732981970, [18, 3, 10, 22, 6, 26, 13, 12, 8, 5, 14, 24, 25, 15, 31, 23, 28, 21, 4, 1, 27, 9, 7, 29, 30, 16, 19, 20, 2, 11, 0]
		1732981975, [18, 3, 10, 22, 6, 26, 13, 12, 8, 5, 14, 24, 25, 15, 31, 23, 28, 21, 4, 1, 27, 9, 7, 29, 30, 16, 19, 20, 2, 11, 0, 17]
	Eligible:
		[]
	Resources available now: []
#############
1732981150,Q,20
#### BACKFILL ####
Building time resrouce map:
	TRM Initial:
		1732981150, []
		1732981155, [18, 3, 10, 22]
		1732981235, [18, 3, 10, 22, 6, 26]
		1732981245, [18, 3, 10, 22, 6, 26, 13, 12]
		1732981260, [18, 3, 10, 22, 6, 26, 13, 12, 8, 5]
		1732981480, [18, 3, 10, 22, 6, 26, 13, 12, 8, 5, 14, 24, 25, 15, 31, 23, 28, 21]
		1732981530, [18, 3, 10, 22, 6, 26, 13, 12, 8, 5, 14, 24, 25, 15, 31, 23, 28, 21, 4, 1]
		1732981685, [18, 3, 10, 22, 6, 26, 13, 12, 8, 5, 14, 24, 25, 15, 31, 23, 28, 21, 4, 1, 27, 9, 7, 29, 30, 16, 19, 20]
		1732981690, [18, 3, 10, 22, 6, 26, 13, 12, 8, 5, 14, 24, 25, 15, 31, 23, 28, 21, 4, 1, 27, 9, 7, 29, 30, 16, 19, 20, 2, 11]
		1732981970, [18, 3, 10, 22, 6, 26, 13, 12, 8, 5, 14, 24, 25, 15, 31, 23, 28, 21, 4, 1, 27, 9, 7, 29, 30, 16, 19, 20, 2, 11, 0]
		1732981975, [18, 3, 10, 22, 6, 26, 13, 12, 8, 5, 14, 24, 25, 15, 31, 23, 28, 21, 4, 1, 27, 9, 7, 29, 30, 16, 19, 20, 2, 11, 0, 17]
	Reserve top job, 10:
		Reservation time: 1732981235
		Reserved resources: [10, 22, 6, 26]
	TRM After top job:
		1732981150, []
		1732981155, [18, 3, 10, 22]
		1732981235, [18, 3]
		1732981245, [18, 3, 13, 12]
		1732981260, [18, 3, 13, 12, 8, 5]
		1732981480, [18, 3, 13, 12, 8, 5, 14, 24, 25, 15, 31, 23, 28, 21]
		1732981530, [18, 3, 13, 12, 8, 5, 14, 24, 25, 15, 31, 23, 28, 21, 4, 1]
		1732981685, [18, 3, 13, 12, 8, 5, 14, 24, 25, 15, 31, 23, 28, 21, 4, 1, 27, 9, 7, 29, 30, 16, 19, 20]
		1732981690, [18, 3, 13, 12, 8, 5, 14, 24, 25, 15, 31, 23, 28, 21, 4, 1, 27, 9, 7, 29, 30, 16, 19, 20, 2, 11]
		1732981970, [18, 3, 10, 22, 6, 26, 13, 12, 8, 5, 14, 24, 25, 15, 31, 23, 28, 21, 4, 1, 27, 9, 7, 29, 30, 16, 19, 20, 2, 11, 0]
		1732981975, [18, 3, 10, 22, 6, 26, 13, 12, 8, 5, 14, 24, 25, 15, 31, 23, 28, 21, 4, 1, 27, 9, 7, 29, 30, 16, 19, 20, 2, 11, 0, 17]
	Eligible:
		[]
	Resources available now: []
#############
1732981155,Q,21
#### BACKFILL ####
Building time resrouce map:
	TRM Initial:
		1732981155, [18, 3, 10, 22]
		1732981235, [18, 3, 10, 22, 6, 26]
		1732981245, [18, 3, 10, 22, 6, 26, 13, 12]
		1732981260, [18, 3, 10, 22, 6, 26, 13, 12, 8, 5]
		1732981480, [18, 3, 10, 22, 6, 26, 13, 12, 8, 5, 14, 24, 25, 15, 31, 23, 28, 21]
		1732981530, [18, 3, 10, 22, 6, 26, 13, 12, 8, 5, 14, 24, 25, 15, 31, 23, 28, 21, 4, 1]
		1732981685, [18, 3, 10, 22, 6, 26, 13, 12, 8, 5, 14, 24, 25, 15, 31, 23, 28, 21, 4, 1, 27, 9, 7, 29, 30, 16, 19, 20]
		1732981690, [18, 3, 10, 22, 6, 26, 13, 12, 8, 5, 14, 24, 25, 15, 31, 23, 28, 21, 4, 1, 27, 9, 7, 29, 30, 16, 19, 20, 2, 11]
		1732981970, [18, 3, 10, 22, 6, 26, 13, 12, 8, 5, 14, 24, 25, 15, 31, 23, 28, 21, 4, 1, 27, 9, 7, 29, 30, 16, 19, 20, 2, 11, 0]
		1732981975, [18, 3, 10, 22, 6, 26, 13, 12, 8, 5, 14, 24, 25, 15, 31, 23, 28, 21, 4, 1, 27, 9, 7, 29, 30, 16, 19, 20, 2, 11, 0, 17]
	Reserve top job, 10:
		Reservation time: 1732981235
		Reserved resources: [10, 22, 6, 26]
	TRM After top job:
		1732981155, [18, 3, 10, 22]
		1732981235, [18, 3]
		1732981245, [18, 3, 13, 12]
		1732981260, [18, 3, 13, 12, 8, 5]
		1732981480, [18, 3, 13, 12, 8, 5, 14, 24, 25, 15, 31, 23, 28, 21]
		1732981530, [18, 3, 13, 12, 8, 5, 14, 24, 25, 15, 31, 23, 28, 21, 4, 1]
		1732981685, [18, 3, 13, 12, 8, 5, 14, 24, 25, 15, 31, 23, 28, 21, 4, 1, 27, 9, 7, 29, 30, 16, 19, 20]
		1732981690, [18, 3, 13, 12, 8, 5, 14, 24, 25, 15, 31, 23, 28, 21, 4, 1, 27, 9, 7, 29, 30, 16, 19, 20, 2, 11]
		1732981970, [18, 3, 10, 22, 6, 26, 13, 12, 8, 5, 14, 24, 25, 15, 31, 23, 28, 21, 4, 1, 27, 9, 7, 29, 30, 16, 19, 20, 2, 11, 0]
		1732981975, [18, 3, 10, 22, 6, 26, 13, 12, 8, 5, 14, 24, 25, 15, 31, 23, 28, 21, 4, 1, 27, 9, 7, 29, 30, 16, 19, 20, 2, 11, 0, 17]
	Reserve now, 13 with resources 2:
		Using TRM:
			1732981155: [18, 3, 10, 22]
			1732981235: [18, 3]
			1732981245: [18, 3, 13, 12]
			1732981260: [18, 3, 13, 12, 8, 5]
			1732981480: [18, 3, 13, 12, 8, 5, 14, 24, 25, 15, 31, 23, 28, 21]
			1732981530: [18, 3, 13, 12, 8, 5, 14, 24, 25, 15, 31, 23, 28, 21, 4, 1]
			1732981685: [18, 3, 13, 12, 8, 5, 14, 24, 25, 15, 31, 23, 28, 21, 4, 1, 27, 9, 7, 29, 30, 16, 19, 20]
			1732981690: [18, 3, 13, 12, 8, 5, 14, 24, 25, 15, 31, 23, 28, 21, 4, 1, 27, 9, 7, 29, 30, 16, 19, 20, 2, 11]
			1732981970: [18, 3, 10, 22, 6, 26, 13, 12, 8, 5, 14, 24, 25, 15, 31, 23, 28, 21, 4, 1, 27, 9, 7, 29, 30, 16, 19, 20, 2, 11, 0]
			1732981975: [18, 3, 10, 22, 6, 26, 13, 12, 8, 5, 14, 24, 25, 15, 31, 23, 28, 21, 4, 1, 27, 9, 7, 29, 30, 16, 19, 20, 2, 11, 0, 17]
	Eligible:
		[13]
	Resources available now: []
Backfill Error: Job eligible but no resources!
